 -> problem 8, 567, 569, 583, 773, 1094, 1558, 1606, 1610, 1705, 1778, 1779, 1780, 1781, 1782, 1783, 1784, 2421, 2424, 2425, 2426, 2427, 2531, 2670, 2780, 2802
 ->  -> problem 8, 567, 569, 583, 773, 1094, 1558, 1606, 1610, 1705, 1778, 1779, 1780, 1781, 1782, 1783, 1784, 2421, 2424, 2425, 2426, 2427, 2531, 2670, 2780, 2802 -> Rotate 90
 ->  ->  -> problem 8, 567, 569, 583, 773, 1094, 1558, 1606, 1610, 1705, 1778, 1779, 1780, 1781, 1782, 1783, 1784, 2421, 2424, 2425, 2426, 2427, 2531, 2670, 2780, 2802 -> Rotate 90 -> Rotate 90 -> Rotate 180
 ->  ->  ->  -> problem 8, 567, 569, 583, 773, 1094, 1558, 1606, 1610, 1705, 1778, 1779, 1780, 1781, 1782, 1783, 1784, 2421, 2424, 2425, 2426, 2427, 2531, 2670, 2780, 2802 -> Rotate 90 -> Rotate 90 -> Rotate 90 -> Rotate 270
 ->  -> problem 8, 567, 569, 583, 773, 1094, 1558, 1606, 1610, 1705, 1778, 1779, 1780, 1781, 1782, 1783, 1784, 2421, 2424, 2425, 2426, 2427, 2531, 2670, 2780, 2802 -> Rotate(1/6,1/6, <(3, 4, 5)>)
 ->  -> problem 8, 567, 569, 583, 773, 1094, 1558, 1606, 1610, 1705, 1778, 1779, 1780, 1781, 1782, 1783, 1784, 2421, 2424, 2425, 2426, 2427, 2531, 2670, 2780, 2802 -> Rotate(1/6,1/6, <(4, 3, 5)>)
 ->  -> problem 8, 567, 569, 583, 773, 1094, 1558, 1606, 1610, 1705, 1778, 1779, 1780, 1781, 1782, 1783, 1784, 2421, 2424, 2425, 2426, 2427, 2531, 2670, 2780, 2802 -> Rotate(1/6,1/6, <(5, 12, 13)>)
 ->  -> problem 8, 567, 569, 583, 773, 1094, 1558, 1606, 1610, 1705, 1778, 1779, 1780, 1781, 1782, 1783, 1784, 2421, 2424, 2425, 2426, 2427, 2531, 2670, 2780, 2802 -> Rotate(1/6,1/6, <(12, 5, 13)>)
 ->  -> problem 8, 567, 569, 583, 773, 1094, 1558, 1606, 1610, 1705, 1778, 1779, 1780, 1781, 1782, 1783, 1784, 2421, 2424, 2425, 2426, 2427, 2531, 2670, 2780, 2802 -> Rotate(1/6,1/6, <(8, 15, 17)>)
 ->  -> problem 8, 567, 569, 583, 773, 1094, 1558, 1606, 1610, 1705, 1778, 1779, 1780, 1781, 1782, 1783, 1784, 2421, 2424, 2425, 2426, 2427, 2531, 2670, 2780, 2802 -> Rotate(1/6,1/6, <(15, 8, 17)>)
 ->  -> problem 8, 567, 569, 583, 773, 1094, 1558, 1606, 1610, 1705, 1778, 1779, 1780, 1781, 1782, 1783, 1784, 2421, 2424, 2425, 2426, 2427, 2531, 2670, 2780, 2802 -> Rotate(1/6,1/6, <(7, 24, 25)>)
 ->  -> problem 8, 567, 569, 583, 773, 1094, 1558, 1606, 1610, 1705, 1778, 1779, 1780, 1781, 1782, 1783, 1784, 2421, 2424, 2425, 2426, 2427, 2531, 2670, 2780, 2802 -> Rotate(1/6,1/6, <(24, 7, 25)>)
 ->  -> problem 8, 567, 569, 583, 773, 1094, 1558, 1606, 1610, 1705, 1778, 1779, 1780, 1781, 1782, 1783, 1784, 2421, 2424, 2425, 2426, 2427, 2531, 2670, 2780, 2802 -> Rotate(1/6,1/6, <(20, 21, 29)>)
 ->  -> problem 8, 567, 569, 583, 773, 1094, 1558, 1606, 1610, 1705, 1778, 1779, 1780, 1781, 1782, 1783, 1784, 2421, 2424, 2425, 2426, 2427, 2531, 2670, 2780, 2802 -> Rotate(1/6,1/6, <(21, 20, 29)>)
 ->  -> problem 8, 567, 569, 583, 773, 1094, 1558, 1606, 1610, 1705, 1778, 1779, 1780, 1781, 1782, 1783, 1784, 2421, 2424, 2425, 2426, 2427, 2531, 2670, 2780, 2802 -> Rotate(1/6,1/6, <(28, 45, 53)>)
 ->  -> problem 8, 567, 569, 583, 773, 1094, 1558, 1606, 1610, 1705, 1778, 1779, 1780, 1781, 1782, 1783, 1784, 2421, 2424, 2425, 2426, 2427, 2531, 2670, 2780, 2802 -> Rotate(1/6,1/6, <(45, 28, 53)>)
 ->  -> problem 8, 567, 569, 583, 773, 1094, 1558, 1606, 1610, 1705, 1778, 1779, 1780, 1781, 1782, 1783, 1784, 2421, 2424, 2425, 2426, 2427, 2531, 2670, 2780, 2802 -> Rotate(1/6,1/6, <(11, 60, 61)>)
 ->  -> problem 8, 567, 569, 583, 773, 1094, 1558, 1606, 1610, 1705, 1778, 1779, 1780, 1781, 1782, 1783, 1784, 2421, 2424, 2425, 2426, 2427, 2531, 2670, 2780, 2802 -> Rotate(1/6,1/6, <(60, 11, 61)>)
 ->  -> problem 8, 567, 569, 583, 773, 1094, 1558, 1606, 1610, 1705, 1778, 1779, 1780, 1781, 1782, 1783, 1784, 2421, 2424, 2425, 2426, 2427, 2531, 2670, 2780, 2802 -> Rotate(1/6,1/6, <(16, 63, 65)>)
 ->  -> problem 8, 567, 569, 583, 773, 1094, 1558, 1606, 1610, 1705, 1778, 1779, 1780, 1781, 1782, 1783, 1784, 2421, 2424, 2425, 2426, 2427, 2531, 2670, 2780, 2802 -> Rotate(1/6,1/6, <(63, 16, 65)>)
 ->  -> problem 8, 567, 569, 583, 773, 1094, 1558, 1606, 1610, 1705, 1778, 1779, 1780, 1781, 1782, 1783, 1784, 2421, 2424, 2425, 2426, 2427, 2531, 2670, 2780, 2802 -> Rotate(1/6,1/6, <(33, 56, 65)>)
 ->  -> problem 8, 567, 569, 583, 773, 1094, 1558, 1606, 1610, 1705, 1778, 1779, 1780, 1781, 1782, 1783, 1784, 2421, 2424, 2425, 2426, 2427, 2531, 2670, 2780, 2802 -> Rotate(1/6,1/6, <(56, 33, 65)>)
 ->  -> problem 8, 567, 569, 583, 773, 1094, 1558, 1606, 1610, 1705, 1778, 1779, 1780, 1781, 1782, 1783, 1784, 2421, 2424, 2425, 2426, 2427, 2531, 2670, 2780, 2802 -> Rotate(1/6,1/6, <(48, 55, 73)>)
 ->  -> problem 8, 567, 569, 583, 773, 1094, 1558, 1606, 1610, 1705, 1778, 1779, 1780, 1781, 1782, 1783, 1784, 2421, 2424, 2425, 2426, 2427, 2531, 2670, 2780, 2802 -> Rotate(1/6,1/6, <(55, 48, 73)>)
 ->  -> problem 8, 567, 569, 583, 773, 1094, 1558, 1606, 1610, 1705, 1778, 1779, 1780, 1781, 1782, 1783, 1784, 2421, 2424, 2425, 2426, 2427, 2531, 2670, 2780, 2802 -> Rotate(1/6,1/6, <(13, 84, 85)>)
 ->  -> problem 8, 567, 569, 583, 773, 1094, 1558, 1606, 1610, 1705, 1778, 1779, 1780, 1781, 1782, 1783, 1784, 2421, 2424, 2425, 2426, 2427, 2531, 2670, 2780, 2802 -> Rotate(1/6,1/6, <(84, 13, 85)>)
 ->  -> problem 8, 567, 569, 583, 773, 1094, 1558, 1606, 1610, 1705, 1778, 1779, 1780, 1781, 1782, 1783, 1784, 2421, 2424, 2425, 2426, 2427, 2531, 2670, 2780, 2802 -> Rotate(1/6,1/6, <(36, 77, 85)>)
 ->  -> problem 8, 567, 569, 583, 773, 1094, 1558, 1606, 1610, 1705, 1778, 1779, 1780, 1781, 1782, 1783, 1784, 2421, 2424, 2425, 2426, 2427, 2531, 2670, 2780, 2802 -> Rotate(1/6,1/6, <(77, 36, 85)>)
 ->  -> problem 8, 567, 569, 583, 773, 1094, 1558, 1606, 1610, 1705, 1778, 1779, 1780, 1781, 1782, 1783, 1784, 2421, 2424, 2425, 2426, 2427, 2531, 2670, 2780, 2802 -> Rotate(1/6,1/6, <(39, 80, 89)>)
 ->  -> problem 8, 567, 569, 583, 773, 1094, 1558, 1606, 1610, 1705, 1778, 1779, 1780, 1781, 1782, 1783, 1784, 2421, 2424, 2425, 2426, 2427, 2531, 2670, 2780, 2802 -> Rotate(1/6,1/6, <(80, 39, 89)>)
 ->  -> problem 8, 567, 569, 583, 773, 1094, 1558, 1606, 1610, 1705, 1778, 1779, 1780, 1781, 1782, 1783, 1784, 2421, 2424, 2425, 2426, 2427, 2531, 2670, 2780, 2802 -> Rotate(1/6,1/6, <(65, 72, 97)>)
 ->  -> problem 8, 567, 569, 583, 773, 1094, 1558, 1606, 1610, 1705, 1778, 1779, 1780, 1781, 1782, 1783, 1784, 2421, 2424, 2425, 2426, 2427, 2531, 2670, 2780, 2802 -> Rotate(1/6,1/6, <(72, 65, 97)>)
 ->  ->  ->  -> problem 8, 567, 569, 583, 773, 1094, 1558, 1606, 1610, 1705, 1778, 1779, 1780, 1781, 1782, 1783, 1784, 2421, 2424, 2425, 2426, 2427, 2531, 2670, 2780, 2802 -> Translate (98521/12,-2351/444) -> Rotate 90 -> Rotate 90 -> Rotate 180
 ->  ->  -> problem 8, 567, 569, 583, 773, 1094, 1558, 1606, 1610, 1705, 1778, 1779, 1780, 1781, 1782, 1783, 1784, 2421, 2424, 2425, 2426, 2427, 2531, 2670, 2780, 2802 -> Translate (98521/12,-2351/444) -> Rotate 90
 ->  ->  ->  ->  -> problem 8, 567, 569, 583, 773, 1094, 1558, 1606, 1610, 1705, 1778, 1779, 1780, 1781, 1782, 1783, 1784, 2421, 2424, 2425, 2426, 2427, 2531, 2670, 2780, 2802 -> Translate (98521/12,-2351/444) -> Rotate 90 -> Rotate 90 -> Rotate 90 -> Rotate 270
 ->  -> problem 8, 567, 569, 583, 773, 1094, 1558, 1606, 1610, 1705, 1778, 1779, 1780, 1781, 1782, 1783, 1784, 2421, 2424, 2425, 2426, 2427, 2531, 2670, 2780, 2802 -> Translate (98521/12,-2351/444)
 ->  ->  -> problem 8, 567, 569, 583, 773, 1094, 1558, 1606, 1610, 1705, 1778, 1779, 1780, 1781, 1782, 1783, 1784, 2421, 2424, 2425, 2426, 2427, 2531, 2670, 2780, 2802 -> Translate (98521/12,-2351/444) -> Rotate(32841/4,-759/148, <(13, 84, 85)>)
 ->  ->  -> problem 8, 567, 569, 583, 773, 1094, 1558, 1606, 1610, 1705, 1778, 1779, 1780, 1781, 1782, 1783, 1784, 2421, 2424, 2425, 2426, 2427, 2531, 2670, 2780, 2802 -> Translate (98521/12,-2351/444) -> Rotate(32841/4,-759/148, <(84, 13, 85)>)
 ->  ->  -> problem 8, 567, 569, 583, 773, 1094, 1558, 1606, 1610, 1705, 1778, 1779, 1780, 1781, 1782, 1783, 1784, 2421, 2424, 2425, 2426, 2427, 2531, 2670, 2780, 2802 -> Translate (98521/12,-2351/444) -> Rotate(32841/4,-759/148, <(11, 60, 61)>)
 ->  ->  -> problem 8, 567, 569, 583, 773, 1094, 1558, 1606, 1610, 1705, 1778, 1779, 1780, 1781, 1782, 1783, 1784, 2421, 2424, 2425, 2426, 2427, 2531, 2670, 2780, 2802 -> Translate (98521/12,-2351/444) -> Rotate(32841/4,-759/148, <(60, 11, 61)>)
 ->  ->  -> problem 8, 567, 569, 583, 773, 1094, 1558, 1606, 1610, 1705, 1778, 1779, 1780, 1781, 1782, 1783, 1784, 2421, 2424, 2425, 2426, 2427, 2531, 2670, 2780, 2802 -> Translate (98521/12,-2351/444) -> Rotate(32841/4,-759/148, <(16, 63, 65)>)
 ->  ->  -> problem 8, 567, 569, 583, 773, 1094, 1558, 1606, 1610, 1705, 1778, 1779, 1780, 1781, 1782, 1783, 1784, 2421, 2424, 2425, 2426, 2427, 2531, 2670, 2780, 2802 -> Translate (98521/12,-2351/444) -> Rotate(32841/4,-759/148, <(63, 16, 65)>)
 ->  ->  -> problem 8, 567, 569, 583, 773, 1094, 1558, 1606, 1610, 1705, 1778, 1779, 1780, 1781, 1782, 1783, 1784, 2421, 2424, 2425, 2426, 2427, 2531, 2670, 2780, 2802 -> Translate (98521/12,-2351/444) -> Rotate(32841/4,-759/148, <(7, 24, 25)>)
 ->  ->  -> problem 8, 567, 569, 583, 773, 1094, 1558, 1606, 1610, 1705, 1778, 1779, 1780, 1781, 1782, 1783, 1784, 2421, 2424, 2425, 2426, 2427, 2531, 2670, 2780, 2802 -> Translate (98521/12,-2351/444) -> Rotate(32841/4,-759/148, <(24, 7, 25)>)
 ->  ->  -> problem 8, 567, 569, 583, 773, 1094, 1558, 1606, 1610, 1705, 1778, 1779, 1780, 1781, 1782, 1783, 1784, 2421, 2424, 2425, 2426, 2427, 2531, 2670, 2780, 2802 -> Translate (98521/12,-2351/444) -> Rotate(32841/4,-759/148, <(5, 12, 13)>)
 ->  ->  -> problem 8, 567, 569, 583, 773, 1094, 1558, 1606, 1610, 1705, 1778, 1779, 1780, 1781, 1782, 1783, 1784, 2421, 2424, 2425, 2426, 2427, 2531, 2670, 2780, 2802 -> Translate (98521/12,-2351/444) -> Rotate(32841/4,-759/148, <(12, 5, 13)>)
 ->  ->  -> problem 8, 567, 569, 583, 773, 1094, 1558, 1606, 1610, 1705, 1778, 1779, 1780, 1781, 1782, 1783, 1784, 2421, 2424, 2425, 2426, 2427, 2531, 2670, 2780, 2802 -> Translate (98521/12,-2351/444) -> Rotate(32841/4,-759/148, <(36, 77, 85)>)
 ->  ->  -> problem 8, 567, 569, 583, 773, 1094, 1558, 1606, 1610, 1705, 1778, 1779, 1780, 1781, 1782, 1783, 1784, 2421, 2424, 2425, 2426, 2427, 2531, 2670, 2780, 2802 -> Translate (98521/12,-2351/444) -> Rotate(32841/4,-759/148, <(20, 21, 29)>)
 ->  ->  -> problem 8, 567, 569, 583, 773, 1094, 1558, 1606, 1610, 1705, 1778, 1779, 1780, 1781, 1782, 1783, 1784, 2421, 2424, 2425, 2426, 2427, 2531, 2670, 2780, 2802 -> Translate (98521/12,-2351/444) -> Rotate(32841/4,-759/148, <(21, 20, 29)>)
 ->  ->  -> problem 8, 567, 569, 583, 773, 1094, 1558, 1606, 1610, 1705, 1778, 1779, 1780, 1781, 1782, 1783, 1784, 2421, 2424, 2425, 2426, 2427, 2531, 2670, 2780, 2802 -> Translate (98521/12,-2351/444) -> Rotate(32841/4,-759/148, <(77, 36, 85)>)
 ->  ->  -> problem 8, 567, 569, 583, 773, 1094, 1558, 1606, 1610, 1705, 1778, 1779, 1780, 1781, 1782, 1783, 1784, 2421, 2424, 2425, 2426, 2427, 2531, 2670, 2780, 2802 -> Translate (98521/12,-2351/444) -> Rotate(32841/4,-759/148, <(39, 80, 89)>)
 ->  ->  -> problem 8, 567, 569, 583, 773, 1094, 1558, 1606, 1610, 1705, 1778, 1779, 1780, 1781, 1782, 1783, 1784, 2421, 2424, 2425, 2426, 2427, 2531, 2670, 2780, 2802 -> Translate (98521/12,-2351/444) -> Rotate(32841/4,-759/148, <(65, 72, 97)>)
 ->  ->  -> problem 8, 567, 569, 583, 773, 1094, 1558, 1606, 1610, 1705, 1778, 1779, 1780, 1781, 1782, 1783, 1784, 2421, 2424, 2425, 2426, 2427, 2531, 2670, 2780, 2802 -> Translate (98521/12,-2351/444) -> Rotate(32841/4,-759/148, <(48, 55, 73)>)
 ->  ->  -> problem 8, 567, 569, 583, 773, 1094, 1558, 1606, 1610, 1705, 1778, 1779, 1780, 1781, 1782, 1783, 1784, 2421, 2424, 2425, 2426, 2427, 2531, 2670, 2780, 2802 -> Translate (98521/12,-2351/444) -> Rotate(32841/4,-759/148, <(72, 65, 97)>)
 ->  ->  -> problem 8, 567, 569, 583, 773, 1094, 1558, 1606, 1610, 1705, 1778, 1779, 1780, 1781, 1782, 1783, 1784, 2421, 2424, 2425, 2426, 2427, 2531, 2670, 2780, 2802 -> Translate (98521/12,-2351/444) -> Rotate(32841/4,-759/148, <(80, 39, 89)>)
 ->  ->  -> problem 8, 567, 569, 583, 773, 1094, 1558, 1606, 1610, 1705, 1778, 1779, 1780, 1781, 1782, 1783, 1784, 2421, 2424, 2425, 2426, 2427, 2531, 2670, 2780, 2802 -> Translate (98521/12,-2351/444) -> Rotate(32841/4,-759/148, <(55, 48, 73)>)
 ->  ->  -> problem 8, 567, 569, 583, 773, 1094, 1558, 1606, 1610, 1705, 1778, 1779, 1780, 1781, 1782, 1783, 1784, 2421, 2424, 2425, 2426, 2427, 2531, 2670, 2780, 2802 -> Translate (98521/12,-2351/444) -> Rotate(32841/4,-759/148, <(3, 4, 5)>)
 ->  ->  -> problem 8, 567, 569, 583, 773, 1094, 1558, 1606, 1610, 1705, 1778, 1779, 1780, 1781, 1782, 1783, 1784, 2421, 2424, 2425, 2426, 2427, 2531, 2670, 2780, 2802 -> Translate (98521/12,-2351/444) -> Rotate(32841/4,-759/148, <(28, 45, 53)>)
 ->  ->  -> problem 8, 567, 569, 583, 773, 1094, 1558, 1606, 1610, 1705, 1778, 1779, 1780, 1781, 1782, 1783, 1784, 2421, 2424, 2425, 2426, 2427, 2531, 2670, 2780, 2802 -> Translate (98521/12,-2351/444) -> Rotate(32841/4,-759/148, <(4, 3, 5)>)
 ->  ->  -> problem 8, 567, 569, 583, 773, 1094, 1558, 1606, 1610, 1705, 1778, 1779, 1780, 1781, 1782, 1783, 1784, 2421, 2424, 2425, 2426, 2427, 2531, 2670, 2780, 2802 -> Translate (98521/12,-2351/444) -> Rotate(32841/4,-759/148, <(45, 28, 53)>)
 ->  ->  -> problem 8, 567, 569, 583, 773, 1094, 1558, 1606, 1610, 1705, 1778, 1779, 1780, 1781, 1782, 1783, 1784, 2421, 2424, 2425, 2426, 2427, 2531, 2670, 2780, 2802 -> Translate (98521/12,-2351/444) -> Rotate(32841/4,-759/148, <(8, 15, 17)>)
 ->  ->  -> problem 8, 567, 569, 583, 773, 1094, 1558, 1606, 1610, 1705, 1778, 1779, 1780, 1781, 1782, 1783, 1784, 2421, 2424, 2425, 2426, 2427, 2531, 2670, 2780, 2802 -> Translate (98521/12,-2351/444) -> Rotate(32841/4,-759/148, <(33, 56, 65)>)
 ->  ->  -> problem 8, 567, 569, 583, 773, 1094, 1558, 1606, 1610, 1705, 1778, 1779, 1780, 1781, 1782, 1783, 1784, 2421, 2424, 2425, 2426, 2427, 2531, 2670, 2780, 2802 -> Translate (98521/12,-2351/444) -> Rotate(32841/4,-759/148, <(15, 8, 17)>)
 ->  ->  -> problem 8, 567, 569, 583, 773, 1094, 1558, 1606, 1610, 1705, 1778, 1779, 1780, 1781, 1782, 1783, 1784, 2421, 2424, 2425, 2426, 2427, 2531, 2670, 2780, 2802 -> Translate (98521/12,-2351/444) -> Rotate(32841/4,-759/148, <(56, 33, 65)>)
