-------------------------- container --------------------
SolutionContainer(problemContainer=ProblemContainer(problem=Problem(poligons=[Polygon(vertices=[1267650600228229401496703205376,1267650600228229401496703205376, 1267650600228229401496703205377,1267650600228229401496703205376, 1267650600228229401496703205377,1267650600228229401496703205377, 1267650600228229401496703205376,1267650600228229401496703205377])], skeleton=[Edge(a=1267650600228229401496703205376,1267650600228229401496703205376, b=1267650600228229401496703205376,1267650600228229401496703205377), Edge(a=1267650600228229401496703205377,1267650600228229401496703205376, b=1267650600228229401496703205377,1267650600228229401496703205377), Edge(a=1267650600228229401496703205376,1267650600228229401496703205376, b=1267650600228229401496703205377,1267650600228229401496703205376), Edge(a=1267650600228229401496703205376,1267650600228229401496703205377, b=1267650600228229401496703205377,1267650600228229401496703205377)], rawString=1
4
1267650600228229401496703205376,1267650600228229401496703205376
1267650600228229401496703205377,1267650600228229401496703205376
1267650600228229401496703205377,1267650600228229401496703205377
1267650600228229401496703205376,1267650600228229401496703205377
4
1267650600228229401496703205376,1267650600228229401496703205376 1267650600228229401496703205376,1267650600228229401496703205377
1267650600228229401496703205377,1267650600228229401496703205376 1267650600228229401496703205377,1267650600228229401496703205377
1267650600228229401496703205376,1267650600228229401496703205376 1267650600228229401496703205377,1267650600228229401496703205376
1267650600228229401496703205376,1267650600228229401496703205377 1267650600228229401496703205377,1267650600228229401496703205377
), problemId=4, problemHash=), state=State(vertexes=[0,0, 0,1, 1,1, 1,0], facets=[4 0 1 2 3], finalPositions=[1267650600228229401496703205376,1267650600228229401496703205376, 1267650600228229401496703205376,1267650600228229401496703205377, 1267650600228229401496703205377,1267650600228229401496703205377, 1267650600228229401496703205377,1267650600228229401496703205376]), realResemblance=1.0, estimatedResemblance=0.0)
-------------------------- solution --------------------
4
0,0
0,1
1,1
1,0
1
4 0 1 2 3
1267650600228229401496703205376,1267650600228229401496703205376
1267650600228229401496703205376,1267650600228229401496703205377
1267650600228229401496703205377,1267650600228229401496703205377
1267650600228229401496703205377,1267650600228229401496703205376